11
93
29
55
22
66
17
77
66
67
55
15
98
66
92
99
36
66
55
73
83
23
88
98
56
87
55
33
72
81
83
44
17
55
55
15
33
55
17
54
68
39
47
23
99
74
88
44
48
84
88
63
99
55
11
19
85
22
12
76
77
53
33
33
66
37
36
49
88
21
42
44
28
77
11
44
55
27
33
15
39
77
88
63
99
15
11
44
21
31
16
46
11
55
39
55
74
43
53
71
44
87
28
85
12
22
77
93
33
65
71
83
66
91
85
42
54
33
71
54
75
33
15
94
74
11
93
44
37
88
64
55
11
33
11
31
62
33
13
11
26
26
33
69
38
18
77
99
45
88
94
99
39
77
11
19
39
72
52
33
83
27
88
99
14
35
49
86
59
11
33
78
91
97
26
29
84
94
82
25
95
84
78
55
62
99
35
51
43
99
33
11
47
37
55
57
99
22
44
44
76
33
34
36
35
44
79
41
48
66
69
98
72
83
67
29
57
74
77
78
44
21
33
77
35
49
77
77
25
33
22
53
13
49
29
77
12
88
55
66
66
25
22
88
66
33
94
52
87
41
34
87
57
77
35
62
11
63
71
54
88
84
84
97
58
87
26
45
96
88
78
58
54
97
33
22
75
61
77
29
75
26
91
37
67
44
11
44
15
55
55
58
35
99
29
86
77
58
16
77
33
21
89
61
54
11
71
99
47
84
47
95
77
76
14
66
45
13
22
59
78
83
36
11
33
99
66
42
26
55
44
48
57
71
91
32
11
72
46
72
89
81
22
88
12
66
66
33
84
27
88
41
82
53
93
83
16
48
81
55
17
61
66
26
37
92
23
55
22
44
72
77
33
33
16
46
64
22
54
32
22
11
37
22
33
31
66
73
93
53
77
69
86
11
37
91
88
69
32
52
73
26
88
58
94
66
66
88
23
22
77
66
97
81
81
22
77
88
99
45
77
79
79
61
22
44
83
99
53
89
47
22
41
28
35
34
93
16
48
33
66
79
51
88
25
54
77
66
63
34
56
51
44
33
82
89
14
42
99
25
52
99
29
64
84
15
66
45
88
11
34
55
99
66
18
59
27
93
96
22
42
65
75
27
33
92
44
77
69
31
22
34
76
55
22
44
55
66
77
55
77
22
77
33
47
66
11
58
44
99
47
75
54
77
68
88
66
43
24
88
55
25
49
88
44
91
99
48
97
65
26
26
67
55
52
44
33
33
66
33
88
44
17
96
22
28
11
23
22
11
67
44
85
47
76
37
77
83
55
82
99
44
55
44
18
52
99
11
26
83
99
77
66
89
52
99
27
36
42
99
77
66
32
82
14
99
35
13
11
52
18
11
19
46
25
47
11
87
69
38
11
11
94
57
13
14
86
13
66
11
78
55
22
55
84
11
43
91
55
51
63
66
88
44
64
65
99
68
66
66
88
99
85
22
55
69
55
53
13
33
78
66
35
99
68
99
55
33
44
99
49
48
11
86
33
63
72
53
66
66
11
23
66
52
11
53
47
44
13
33
53
25
58
17
55
64
92
11
55
56
66
52
11
13
46
99
99
15
11
44
73
52
66
55
99
44
88
55
33
11
33
47
78
73
33
41
44
89
99
31
57
72
68
55
11
66
23
99
53
77
88
11
33
22
22
11
16
22
56
54
69
22
88
95
33
88
95
62
52
93
11
86
27
66
38
21
43
42
66
33
99
97
88
81
54
88
88
84
44
31
43
99
22
79
99
45
37
64
88
63
83
52
55
88
24
36
66
81
22
32
14
22
55
72
11
57
42
77
99
67
53
99
73
62
17
78
66
77
77
55
23
77
33
66
74
33
77
44
28
66
52
33
33
92
98
44
48
92
22
17
23
44
68
28
31
49
11
97
43
97
22
35
45
18
78
89
96
44
35
88
49
39
56
63
46
55
11
91
59
88
55
86
83
61
66
94
66
35
62
78
66
43
78
11
16
67
83
42
67
99
88
79
44
97
66
43
88
14
65
13
11
49
77
83
62
77
44
88
81
26
81
76
78
24
57
37
77
17
73
94
29
54
81
43
32
37
49
66
99
87
16
77
44
27
55
46
44
86
99
85
33
81
33
72
74
66
62
14
76
88
12
45
77
97
61
33
77
42
11
79
11
16
57
89
88
24
72
65
88
11
66
33
76
22
16
21
73
84
23
69
88
55
77
34
22
11
17
19
22
51
58
87
87
66
33
11
98
56
73
11
34
59
94
48
44
25
29
28
33
37
11
24
66
22
14
85
42
88
44
75
